--
978
984
0
316
1023
33
155
1023
218
101
1023
497
53
1023
828
12
907
926
0
649
981
0
299
1023
16
151
1023
224
98
1023
487
45
1023
788
5
890
922
0
610
979
0
250
1023
0
137
1023
224
89
1023
594
41
1015
881
0
848
944
0
548
998
0
193
1023
90
133
1023
324
83
1023
650
34
999
892
0
803
954
0
489
1005
0
180
1023
111
127
1023
351
78
1023
681
31
982
899
0
781
960
0
458
1009
0
176
1023
128
124
1023
349
70
1023
680
27
967
901
0
761
960
0
422
1008
0
168
1023
97
116
1023
403
65
1023
759
24
948
912
0
725
972
0
376
1018
0
160
1023
159
110
1023
443
60
1023
792
20
932
919
0
694
976
0
348
1017
0
158
1023
179
105
1023
465
56
1023
810
12
916
924
0
666
981
0
316
1022
13
155
1023
215
102
1023
498
57
1023
831
12
912
925
0
652
982
0
292
1023
28
150
1023
220
99
1023
533
48
1023
862
9
884
935
0
608
991
0
263
1023
57
145
1023
260
92
1023
571
41
1017
874
0
852
941
0
556
996
0
195
1023
69
134
1023
300
83
1023
642
36
1004
889
0
823
951
0
514
1001
0
187
1023
99
129
1023
337
76
1023
671
32
982
897
0
788
959
0
460
1008
0
177
1023
129
125
1023
372
73
1023
700
28
970
902
0
768
964
0
434
1010
0
172
1023
139
121
1023
393
69
1023
742
26
961
908
0
748
968
0
406
1016
0
169
1023
159
114
1023
430
64
1023
768
19
942
914
0
713
972
0
365
1019
0
161
1023
187
109
1023
463
61
1023
785
16
932
900
0
703
965
0
342
1021
0
157
1023
208
102
1023
490
55
1023
831
15
915
926
0
666
983
0
307
1023
35
154
1023
218
101
1023
505
52
1023
844
10
903
927
0
641
985
0
286
1023
43
151
1023
239
97
1023
552
48
1023
867
6
877
938
0
592
991
0
234
1023
56
140
1023
271
90
1023
594
41
1014
880
1
846
945
0
548
998
0
195
1023
86
132
1023
305
81
1023
646
35
994
894
0
801
957
0
475
1008
0
180
1023
111
124
1023
349
75
1023
694
29
976
904
0
774
962
0
445
1011
0
171
1023
135
118
1023
387
68
1023
716
25
950
909
0
735
972
0
406
1017
2
159
1023
180
110
1023
427
60
1023
765
21
940
919
0
728
975
0
378
1019
3
158
1023
190
105
1023
452
56
1023
796
19
928
924
0
692
980
0
345
1023
26
151
1023
211
99
1023
498
50
1017
824
13
885
928
0
641
978
0
296
1011
65
143
1023
248
94
1023
477
132
923
672
123
746
732
102
581
758
101
366
772
103
197
800
90
167
926
362
108
935
660
118
747
732
126
662
763
95
402
787
79
235
832
42
79
1014
486
40
956
821
8
825
906
0
573
952
0
249
985
71
120
1010
274
77
1014
568
44
952
854
58
841
918
41
603
997
33
257
1023
133
161
1023
311
115
1023
585
75
988
897
37
845
954
9
575
997
9
236
1023
119
143
1023
302
93
1023
604
47
975
891
12
815
944
0
535
988
0
199
1020
135
139
1023
332
94
1023
627
52
953
889
18
789
941
0
507
985
4
179
1017
137
129
1023
341
83
1023
651
45
942
892
12
769
941
0
475
985
2
168
1016
149
121
1023
377
77
1019
672
41
924
894
11
753
941
0
452
983
16
166
1011
163
120
1023
382
75
1008
673
39
916
893
7
725
943
5
416
983
27
159
1010
160
110
1023
320
61
1000
671
26
894
889
1
698
938
0
388
979
26
149
1006
184
107
1023
424
66
988
748
31
875
901
2
664
949
0
345
986
60
145
1013
225
105
1022
479
65
977
794
31
858
909
0
636
956
3
302
990
79
142
1016
257
99
1019
539
57
961
857
26
825
903
0
596
946
13
288
982
104
175
1010
267
151
1012
517
116
967
784
92
847
832
56
635
875
37
350
916
104
244
957
258
203
978
509
163
940
766
121
840
812
80
640
859
62
362
901
111
250
944
255
209
973
503
172
935
762
129
847
808
76
646
850
63
370
894
102
248
942
230
202
971
478
157
946
761
102
856
821
45
650
877
15
351
966
57
127
1002
252
89
1006
533
50
949
854
18
809
912
0
559
953
0
234
988
99
126
1006
299
157
991
539
150
921
758
124
810
792
96
592
819
92
324
844
133
233
880
288
208
905
518
184
866
755
157
777
788
114
614
828
83
347
869
121
243
912
261
207
935
502
173
918
753
125
848
817
11
617
981
24
287
1014
74
153
1023
257
106
1023
542
62
986
871
27
844
932
0
588
980
0
257
1017
99
139
1023
290
92
1023
584
46
970
877
11
818
935
0
542
985
0
194
1021
115
130
1023
310
81
1023
610
38
959
870
2
784
940
0
493
988
0
168
1022
127
120
1023
341
70
1023
655
31
948
897
0
763
954
0
452
1003
0
167
1023
143
116
1023
368
67
1023
687
27
937
904
0
745
963
0
421
1007
2
161
1023
163
111
1023
405
65
1023
728
26
926
910
0
725
965
0
399
1009
19
159
1023
174
110
1023
410
62
1021
736
24
915
909
0
715
963
0
385
1006
22
159
1023
194
116
1023
430
68
999
750
31
887
903
0
677
953
0
352
991
53
150
1019
218
107
1023
463
63
986
799
27
873
908
0
651
958
0
316
995
69
143
1023
237
96
1023
522
50
971
838
14
838
915
0
583
964
0
253
1002
85
134
1023
278
86
1023
570
42
962
868
7
804
928
0
542
979
0
195
1018
110
125
1023
308
78
1023
617
35
964
887
0
786
946
0
491
996
0
173
1023
132
123
1023
349
73
1023
658
31
949
895
0
767
954
0
456
1000
0
167
1023
140
118
1023
371
70
1023
685
30
944
899
0
746
952
0
440
995
10
162
1023
169
114
1023
377
64
1014
707
26
913
897
0
718
952
0
396
993
20
156
1023
182
111
1023
426
65
1002
735
28
897
901
0
689
953
0
364
993
36
151
1020
195
105
1023
449
60
993
778
24
881
906
0
653
957
0
329
995
41
139
1017
143
88
1023
476
44
973
806
13
842
908
0
593
956
0
256
996
82
134
1022
270
90
1023
571
47
958
866
13
812
920
0
535
967
0
209
999
127
129
1021
326
87
1013
616
48
925
788
139
765
784
139
554
813
148
329
830
216
228
842
349
207
847
543
191
801
755
178
707
792
170
551
809
161
351
819
219
223
832
336
204
837
520
189
798
725
175
712
786
162
570
803
168
369
816
204
222
825
304
202
836
492
187
801
694
172
723
779
156
587
797
153
394
809
180
219
819
295
200
825
462
184
798
658
170
728
772
159
603
791
155
423
803
174
220
816
279
199
831
434
182
808
640
169
735
767
156
617
784
151
435
799
164
230
810
257
197
814
407
180
801
602
166
741
761
154
632
779
146
461
794
145
252
804
238
194
815
375
178
802
574
164
748
752
151
643
772
142
476
788
150
277
798
221
193
808
353
176
804
548
161
756
742
149
663
765
143
505
781
133
304
793
194
195
817
263
184
959
478
30
930
846
0
775
907
0
500
956
0
165
994
112
112
1019
325
67
1016
636
31
931
878
0
752
934
0
460
984
0
164
1020
148
115
1023
377
70
1023
686
30
923
896
0
731
952
0
420
997
5
158
1023
173
110
1023
423
63
1020
743
25
919
909
0
712
965
0
383
1005
0
153
1023
164
101
1023
428
56
1018
773
19
903
913
0
676
970
0
346
1011
46
154
1023
212
104
1023
462
54
1009
776
15
888
911
0
659
966
0
318
1006
42
146
1023
211
99
1023
494
50
1001
820
12
875
919
0
631
971
0
297
1013
39
137
1023
230
89
1023
526
42
1005
859
6
865
938
0
595
991
0
240
1023
68
137
1023
269
87
1023
588
40
1002
879
1
839
944
0
551
997
0
192
1023
72
129
1023
202
73
1023
554
31
972
888
0
795
948
0
485
1002
0
180
1023
115
125
1023
343
76
1023
661
31
964
894
0
773
957
0
450
1004
0
174
1023
140
120
1023
373
71
1023
696
28
953
902
0
752
961
0
433
1008
1
169
1023
166
117
1023
405
67
1023
729
25
935
908
0
726
969
0
399
1013
17
172
1023
187
120
1023
431
68
1023
750
30
924
911
0
716
971
0
389
1016
30
173
1023
175
119
1023
442
70
1023
767
29
925
916
0
712
974
0
378
1018
34
169
1023
196
112
1023
451
63
1020
778
25
916
914
0
693
973
0
363
1016
38
164
1023
211
109
1023
464
61
1013
791
19
901
917
0
673
974
0
328
1018
44
158
1023
221
107
1023
482
57
1014
810
15
896
917
0
661
973
0
309
1016
22
153
1023
230
102
1023
502
55
1012
839
16
892
923
0
643
978
0
299
1022
63
153
1023
240
98
1023
544
49
1004
863
8
858
933
0
587
987
0
237
1023
85
144
1023
282
90
1023
595
44
996
880
4
823
942
0
531
995
0
190
1023
81
131
1023
336
79
1023
656
35
963
890
0
780
951
0
467
1003
0
180
1023
144
127
1023
370
77
1023
690
32
956
897
0
755
958
0
436
1006
3
173
1023
161
120
1023
399
72
1023
709
29
937
903
0
736
963
0
419
1010
11
172
1023
170
118
1023
408
69
1023
731
26
928
904
0
724
965
0
390
1010
12
169
1023
183
119
1023
426
67
1023
739
25
922
908
0
709
967
0
369
1013
24
165
1023
187
115
1023
449
65
1023
775
24
918
914
0
692
972
0
359
1014
20
164
1023
209
110
1023
465
60
1021
793
19
905
915
0
678
974
0
336
1017
43
158
1023
215
110
1023
476
60
1020
795
18
896
920
0
663
974
0
314
1018
53
155
1023
233
106
1023
498
56
1013
753
15
886
905
0
650
978
0
300
1022
52
154
1023
247
103
1023
515
56
1014
852
18
887
928
0
632
980
0
295
1023
60
152
1023
257
99
1023
551
49
1005
864
10
861
930
0
592
986
0
248
1023
82
144
1023
276
92
1023
589
46
997
876
5
827
943
0
539
994
0
198
1023
115
137
1023
314
84
1023
623
39
976
886
0
795
948
0
497
998
0
183
1023
137
129
1023
360
79
1023
679
33
954
893
0
767
956
0
444
1005
0
176
1023
136
122
1023
384
73
1023
715
31
948
903
0
744
963
0
418
1009
9
172
1023
180
119
1023
422
67
1023
744
24
921
907
0
710
967
0
374
1013
21
167
1023
193
115
1023
440
64
1023
766
24
923
910
0
700
969
0
363
1014
25
164
1023
198
112
1023
452
62
1023
779
23
917
914
0
687
973
0
359
1017
28
163
1023
210
109
1023
475
60
1020
795
18
902
918
0
667
975
0
324
1018
47
159
1023
229
105
1023
492
58
1015
817
16
896
919
0
658
977
0
302
1021
52
154
1023
240
102
1023
520
56
1020
841
14
890
926
0
635
982
0
291
1022
54
153
1023
257
97
1023
548
48
1001
866
10
863
933
0
596
986
0
251
1023
85
146
1023
279
93
1023
588
44
992
876
4
831
940
0
537
993
0
194
1023
115
136
1023
318
83
1023
623
39
980
887
1
793
948
0
490
1000
0
186
1023
133
131
1023
346
79
1023
663
36
958
892
0
772
955
0
453
1004
0
179
1023
150
125
1023
384
73
1023
708
30
946
900
0
753
960
0
431
1007
0
173
1023
166
119
1023
410
69
1023
738
28
929
906
0
724
965
0
393
1012
19
171
1023
186
119
1023
429
66
1023
753
25
926
908
0
706
969
0
368
1012
21
164
1023
197
113
1023
459
63
1023
788
24
917
914
0
690
971
0
351
1016
37
163
1023
207
109
1023
461
62
1023
791
21
916
902
0
685
959
0
348
1018
46
163
1023
215
110
1023
484
60
1023
803
18
900
920
0
668
977
0
317
1020
54
159
1023
234
106
1023
496
56
1015
826
15
890
923
0
645
979
0
297
1020
52
154
1023
240
102
1023
517
56
1011
840
16
886
923
0
635
980
0
292
1023
63
153
1023
253
98
1023
545
49
1003
861
11
871
930
0
601
984
0
253
1023
84
147
1023
279
93
1023
578
45
994
876
5
828
941
0
546
993
0
196
1023
105
137
1023
316
86
1023
632
41
983
888
2
799
949
0
494
1002
0
187
1023
127
132
1023
345
81
1023
665
35
961
891
0
775
954
0
457
1003
0
181
1023
146
126
1023
383
75
1023
695
34
951
899
0
764
959
0
437
1006
5
175
1023
160
122
1023
400
72
1023
724
29
941
904
0
735
963
0
401
1010
13
172
1023
180
120
1023
420
68
1023
734
26
922
907
0
717
967
0
379
1012
20
169
1023
191
116
1023
437
66
1023
764
25
920
912
0
700
970
0
364
1015
29
164
1023
202
112
1023
454
62
1023
786
23
911
916
0
685
972
0
350
1016
10
162
1023
220
109
1023
473
59
1021
800
20
898
922
0
675
977
0
319
1017
44
150
1023
220
99
1023
499
49
1008
834
10
881
927
0
632
982
0
283
1023
56
141
1023
247
91
1023
523
44
1023
873
5
874
940
0
599
990
0
245
1023
36
137
1023
253
86
1023
579
39
1023
876
1
879
942
0
575
997
0
195
1023
14
135
1023
203
87
1023
587
34
1023
873
0
911
917
0
517
990
0
193
1023
49
133
1023
328
76
1023
664
29
1018
896
0
818
957
0
463
1011
0
177
1023
111
122
1023
368
72
1023
719
28
995
909
0
773
968
0
426
1015
0
168
1023
151
113
1023
415
64
1023
757
23
954
916
0
735
975
0
384
1017
0
160
1023
194
108
1023
457
59
1023
775
16
911
905
0
698
972
0
334
1023
23
155
1023
219
105
1023
488
56
1023
817
17
909
929
0
668
983
0
328
1023
46
154
1023
228
101
1023
497
54
1015
833
15
895
929
0
652
983
0
318
1023
59
153
1023
238
100
1023
514
50
1008
838
13
887
929
0
643
983
0
294
1023
68
152
1023
245
101
1023
526
54
1014
854
11
880
930
0
626
985
0
271
1023
68
147
1023
260
96
1023
568
47
1005
870
9
852
939
0
578
992
0
240
1023
80
140
1023
303
89
1023
614
42
986
885
3
808
948
0
517
998
0
187
1023
128
131
1023
348
82
1023
662
36
969
895
0
781
956
0
465
1005
0
180
1023
150
126
1023
374
78
1023
674
32
950
900
0
762
960
0
432
1009
9
176
1023
167
124
1023
406
71
1023
731
29
936
904
0
742
965
0
401
1012
16
172
1023
180
120
1023
424
71
1023
750
28
932
909
0
721
969
0
388
1014
21
169
1023
192
117
1023
432
66
1023
767
26
931
912
0
706
969
0
371
1015
14
166
1023
202
114
1023
450
63
1023
772
22
912
914
0
689
974
0
345
1015
36
160
1023
210
113
1023
475
61
1023
800
21
908
918
0
671
975
0
328
1020
40
158
1023
217
107
1023
479
57
1023
818
20
902
922
0
662
977
0
322
1021
53
156
1023
234
103
1023
504
55
1020
843
16
890
924
0
640
982
0
293
1022
58
156
1023
247
102
1023
523
54
1011
850
13
881
928
0
623
983
0
271
1023
72
150
1023
256
97
1023
566
50
1006
868
10
863
931
0
592
989
0
244
1023
92
143
1023
292
91
1023
592
43
990
881
1
818
944
0
527
996
0
192
1023
120
135
1023
332
86
1023
650
38
974
891
0
789
953
0
480
1002
0
185
1023
136
130
1023
356
79
1023
684
35
961
898
0
768
958
0
450
1006
0
177
1023
28
115
1023
355
66
1023
721
29
935
905
0
733
964
0
393
1011
10
171
1023
179
118
1023
428
69
1023
761
27
927
909
0
715
968
0
377
1014
22
168
1023
189
115
1023
447
65
1023
780
24
920
913
0
704
973
0
360
1016
24
164
1023
212
111
1023
463
63
1023
790
21
908
916
0
683
974
0
335
1017
40
160
1023
221
110
1023
483
59
1019
811
17
902
920
0
665
977
0
315
1021
44
158
1023
231
106
1023
502
57
1010
836
18
894
925
0
644
979
0
302
1023
42
154
1023
250
102
1023
519
53
1016
847
14
887
927
0
629
983
0
297
1023
74
153
1023
252
101
1023
526
52
1007
856
12
877
929
0
619
983
0
269
1023
72
149
1023
268
98
1023
545
50
999
873
8
841
940
0
564
994
0
220
1023
107
140
1023
299
89
1023
614
42
983
885
3
805
947
0
517
999
0
187
1023
131
132
1023
352
82
1023
670
36
971
895
0
784
956
0
464
1006
0
180
1023
154
126
1023
376
76
1023
710
32
959
902
0
754
961
0
442
1010
3
175
1023
169
123
1023
405
71
1023
724
28
937
904
0
736
964
0
406
1010
12
171
1023
176
120
1023
417
68
1023
744
27
932
907
0
723
967
0
391
1011
11
170
1023
188
116
1023
433
68
1023
767
25
928
912
0
712
970
0
372
1015
15
167
1023
198
112
1023
448
65
1023
786
23
915
917
0
700
974
0
354
1019
42
164
1023
211
111
1023
472
61
1020
792
19
905
918
0
674
975
0
335
1019
47
159
1023
230
109
1023
487
59
1023
814
16
898
920
0
661
978
0
311
1021
51
158
1023
229
106
1023
503
56
1016
836
17
895
925
0
647
980
0
303
1023
61
156
1023
248
102
1023
518
54
1011
849
15
882
928
0
626
982
0
285
1023
71
153
1023
254
98
1023
560
49
1000
866
9
855
936
0
579
990
0
234
1023
92
141
1023
292
90
1023
615
45
996
883
5
817
930
0
528
988
0
187
1023
125
134
1023
329
81
1023
653
38
969
891
0
785
953
0
473
1002
0
182
1023
133
129
1023
370
79
1023
691
33
957
898
0
766
958
0
447
1005
0
176
1023
158
122
1023
394
73
1023
721
29
942
905
0
739
964
0
410
1011
14
173
1023
176
122
1023
411
71
1023
739
28
930
908
0
721
967
0
385
1012
22
168
1023
187
118
1023
432
67
1023
759
25
923
911
0
716
970
0
365
1016
4
163
1023
199
111
1023
453
60
1023
774
21
910
919
0
677
974
0
334
1021
37
160
1023
214
108
1023
483
59
1013
807
16
898
920
0
661
977
0
316
1022
44
158
1023
238
104
1023
486
57
1014
826
14
888
922
0
640
980
0
292
1021
58
153
1023
249
101
1023
531
54
1007
856
13
884
927
0
626
984
0
276
1023
62
150
1023
265
97
1023
563
48
1000
869
9
853
937
0
578
989
0
227
1023
96
142
1023
301
90
1023
617
41
986
883
3
811
945
0
513
997
0
188
1023
124
132
1023
336
81
1023
668
37
971
894
0
780
953
0
470
1005
0
183
1023
144
127
1023
369
76
1023
692
32
948
899
0
756
960
0
434
1008
0
176
1023
158
122
1023
404
72
1023
723
29
936
905
0
734
966
0
406
1010
13
171
1023
174
118
1023
398
69
1023
748
26
930
910
0
719
968
0
388
1014
17
169
1023
187
115
1023
429
67
1023
769
26
922
914
0
707
971
0
376
1016
33
166
1023
209
113
1023
453
62
1023
782
20
915
917
0
684
973
0
335
1018
36
162
1023
215
110
1023
476
59
1016
808
19
903
919
0
666
973
0
324
1014
0
149
1023
206
101
1023
495
54
1009
843
16
891
927
0
640
982
0
294
1023
56
154
1023
254
101
1023
524
52
1010
858
14
879
928
0
625
983
0
274
1023
72
151
1023
257
97
1023
560
45
990
836
3
847
930
0
559
994
0
212
1023
100
140
1023
292
85
1023
612
44
994
885
3
816
947
0
512
999
0
188
1023
129
133
1023
345
81
1023
663
35
963
891
0
775
955
0
456
1005
0
180
1023
148
126
1023
375
76
1023
712
32
949
902
0
752
962
0
432
1009
0
171
1023
175
119
1023
414
69
1023
742
27
929
909
0
719
967
0
388
1014
19
171
1023
192
118
1023
433
67
1023
761
23
919
910
0
704
970
0
362
1014
4
162
1023
206
111
1023
469
61
1023
794
19
909
917
0
676
975
0
337
1019
38
159
1023
222
107
1023
489
57
1023
819
20
900
922
0
659
978
0
318
1023
55
157
1023
235
104
1023
502
55
1016
831
15
891
924
0
641
979
0
302
1022
56
155
1023
245
102
1023
526
52
1011
851
11
880
926
0
624
983
0
272
1023
65
151
1023
254
99
1023
564
49
1013
866
10
865
934
0
593
988
0
244
1023
84
144
1023
283
91
1023
596
44
990
880
4
815
944
0
526
997
0
192
1023
120
135
1023
328
84
1023
641
37
974
889
0
790
953
0
475
1002
0
183
1023
134
128
1023
361
79
1023
689
34
958
899
0
765
960
0
445
1007
0
177
1023
160
124
1023
398
72
1023
720
30
944
904
0
736
964
0
410
1011
13
173
1023
175
120
1023
400
69
1023
735
26
929
907
0
724
967
0
384
1012
15
169
1023
180
117
1023
435
67
1023
763
25
924
911
0
710
970
0
374
1015
20
167
1023
184
116
1023
446
65
1023
781
24
923
911
0
696
973
0
357
1017
30
165
1023
198
112
1023
463
61
1023
784
19
910
917
0
680
975
0
338
1019
30
162
1023
212
108
1023
467
60
1020
798
17
901
919
0
664
976
0
317
1019
42
158
1023
227
106
1023
500
58
1017
828
15
894
924
0
645
979
0
301
1022
52
153
1023
234
98
1023
432
47
1011
819
13
879
931
0
618
984
0
271
1023
75
148
1023
270
91
1023
570
46
999
873
3
833
939
0
554
993
0
197
1023
102
140
1023
306
89
1023
623
41
984
887
2
806
949
0
507
1001
0
190
1023
124
133
1023
332
82
1023
657
38
970
893
0
782
954
0
474
1005
0
183
1023
141
128
1023
362
78
1023
674
35
956
897
0
770
959
0
448
1007
0
176
1023
159
123
1023
390
74
1023
722
30
943
904
0
744
964
0
412
1010
0
170
1023
174
117
1023
423
70
1023
753
27
929
909
0
718
969
0
389
1014
22
167
1023
194
116
1023
445
64
1023
770
22
918
912
0
698
972
0
360
1015
29
164
1023
204
113
1023
450
62
1023
784
20
910
916
0
681
973
0
336
1018
35
161
1023
212
110
1023
483
60
1016
810
19
904
921
0
662
979
0
317
1021
47
157
1023
231
105
1023
498
56
1018
834
18
896
925
0
648
980
0
308
1023
60
155
1023
242
101
1023
518
52
1015
848
15
885
926
0
631
982
0
292
1023
64
154
1023
259
101
1023
529
51
1010
857
10
875
928
0
616
984
0
265
1023
73
149
1023
266
96
1023
574
47
1004
871
9
846
939
0
569
991
0
220
1023
98
139
1023
307
86
1023
621
41
983
886
0
803
947
0
508
999
0
183
1023
106
127
1023
320
79
1023
670
34
962
894
0
775
956
0
456
1005
0
178
1023
147
125
1023
377
76
1023
706
32
955
902
0
754
962
0
431
1009
0
173
1023
168
119
1023
405
70
1023
734
27
939
906
0
726
967
0
395
1012
13
171
1023
186
119
1023
427
67
1023
740
25
928
909
0
713
969
0
375
1013
19
167
1023
193
115
1023
438
66
1023
771
24
917
914
0
695
972
0
356
1016
29
163
1023
198
111
1023
459
62
1022
792
23
915
917
0
692
970
0
348
1006
0
157
1023
184
105
1023
488
55
1016
824
17
895
924
0
652
978
0
313
1022
50
157
1023
233
102
1023
508
55
1014
830
13
887
926
0
636
980
0
284
1023
60
152
1023
241
100
1023
529
54
1012
854
13
880
929
0
617
983
0
268
1023
72
146
1023
266
95
1023
575
47
1000
871
10
857
936
0
584
991
0
238
1023
92
141
1023
291
92
1023
602
42
988
882
0
810
946
0
513
998
0
187
1023
122
132
1023
336
82
1023
653
37
970
892
0
784
955
0
474
1005
0
182
1023
140
128
1023
365
77
1023
692
32
955
899
0
759
960
0
439
1006
0
175
1023
165
123
1023
401
71
1023
725
28
934
904
0
739
965
0
401
1012
3
170
1023
184
117
1023
407
65
1023
755
27
924
910
0
707
971
0
373
1015
20
165
1023
187
113
1023
451
63
1023
778
23
918
915
0
693
973
0
353
1017
31
163
1023
207
109
1023
463
60
1023
796
21
908
919
0
676
975
0
334
1018
40
162
1023
222
107
1023
481
59
1013
805
16
897
921
0
661
977
0
307
1020
51
155
1023
231
104
1023
509
55
1014
825
15
892
924
0
644
979
0
295
1021
50
153
1023
247
101
1023
526
55
1014
855
13
885
929
0
623
984
0
278
1023
66
149
1023
262
97
1023
558
48
1003
867
8
852
937
0
577
988
0
227
1023
93
142
1023
299
90
1023
612
41
987
883
1
812
946
0
518
999
0
187
1023
123
131
1023
340
81
1023
666
38
969
895
0
782
956
0
470
1005
0
181
1023
148
128
1023
365
75
1023
690
31
956
891
0
757
960
0
441
1007
0
175
1023
162
122
1023
400
69
1023
732
29
937
905
0
730
967
0
394
1012
9
167
1023
177
116
1023
437
67
1023
768
25
926
913
0
705
971
0
370
1014
23
166
1023
200
113
1023
451
63
1023
783
23
915
914
0
688
973
0
355
1017
33
164
1023
210
110
1023
465
60
1023
782
17
896
898
0
673
962
0
325
1017
36
160
1023
218
108
1023
488
59
1021
815
17
901
922
0
657
978
0
312
1020
45
156
1023
231
104
1023
503
55
1017
829
16
902
924
0
645
981
0
299
1022
55
154
1023
238
101
1023
521
53
1014
853
14
887
928
0
626
982
0
288
1023
68
152
1023
260
99
1023
555
47
1002
864
11
860
933
0
590
987
0
244
1023
88
146
1023
287
91
1023
596
46
995
880
4
823
944
0
529
997
0
192
1023
118
135
1023
324
84
1023
646
38
974
890
0
789
953
0
481
1002
0
185
1023
136
129
1023
351
79
1023
677
34
959
894
0
774
956
0
449
1006
0
178
1023
151
124
1023
371
75
1023
712
32
945
902
0
747
964
0
423
1010
2
172
1023
169
118
1023
418
69
1023
749
26
933
908
0
722
968
0
392
1013
20
168
1023
178
116
1023
431
67
1023
754
23
929
911
0
706
971
0
367
1015
23
165
1023
201
113
1023
456
64
1023
774
20
914
913
0
688
973
0
354
1015
33
162
1023
208
112
1023
467
62
1023
790
19
911
917
0
681
976
0
331
1019
37
159
1023
226
106
1023
484
58
1015
820
21
901
922
0
659
978
0
316
1022
50
158
1023
233
105
1023
502
54
1017
829
17
891
924
0
647
980
0
311
1023
60
155
1023
226
101
1023
517
53
1013
840
12
881
926
0
628
982
0
283
1023
65
151
1023
255
99
1023
555
50
1004
867
9
856
935
0
582
989
0
235
1023
85
141
1023
294
89
1023
604
42
989
878
3
821
946
0
522
997
0
193
1023
123
133
1023
335
83
1023
646
36
970
891
0
784
954
0
468
1004
0
181
1023
137
128
1023
366
78
1023
697
33
954
899
0
763
960
0
439
1007
0
175
1023
163
120
1023
393
72
1023
724
28
941
906
0
742
965
0
409
1011
5
172
1023
181
118
1023
431
66
1023
752
24
925
911
0
706
969
0
370
1014
25
167
1023
169
107
1023
344
61
1023
692
23
919
910
0
697
971
0
352
1016
20
166
1023
205
114
1023
466
62
1023
774
23
916
913
0
684
971
0
341
1018
34
161
1023
212
108
1023
480
60
1019
811
20
912
920
0
674
976
0
326
1020
47
159
1023
226
106
1023
491
57
1016
825
18
897
923
0
649
979
0
305
1022
61
158
1023
240
102
1023
509
56
1015
836
13
890
925
0
636
981
0
283
1023
64
151
1023
251
100
1023
532
53
1012
852
11
885
929
0
615
984
0
266
1023
70
148
1023
258
97
1023
562
48
1003
872
9
849
937
0
572
992
0
226
1023
96
140
1023
283
87
1023
613
41
986
884
0
816
946
0
509
999
0
187
1023
124
132
1023
345
83
1023
661
36
968
894
0
778
955
0
470
1004
0
181
1023
144
126
1023
377
77
1023
698
32
951
901
0
757
960
0
439
1008
0
175
1023
165
122
1023
404
71
1023
720
26
937
905
0
733
964
0
401
1010
10
172
1023
176
119
1023
420
68
1023
744
26
934
907
0
718
968
0
381
1012
9
166
1023
199
114
1023
455
63
1023
792
22
919
916
0
691
974
0
345
1019
32
161
1023
207
108
1023
474
59
1021
801
21
912
919
0
669
977
0
333
1021
45
161
1023
211
106
1023
481
57
1022
815
16
896
922
0
649
978
0
307
1022
59
157
1023
239
103
1023
511
56
1017
839
14
885
924
0
635
981
0
288
1022
55
152
1023
250
100
1023
523
53
1014
834
12
882
927
0
622
983
0
279
1023
72
149
1023
261
97
1023
563
48
1006
869
9
849
936
0
579
990
0
233
1023
95
142
1023
295
89
1023
601
41
988
882
0
812
944
0
519
997
0
191
1023
120
133
1023
336
81
1023
661
37
970
892
0
784
955
0
473
1004
0
182
1023
140
127
1023
369
76
1023
692
33
957
899
0
761
958
0
441
995
0
163
1023
74
116
1023
429
66
1023
751
25
924
911
0
706
971
0
376
1015
12
165
1023
190
114
1023
448
64
1023
767
25
921
913
0
699
973
0
366
1016
25
164
1023
203
112
1023
462
62
1023
795
25
918
918
0
689
975
0
343
1018
33
163
1023
215
109
1023
473
60
1023
806
19
903
920
0
667
977
0
335
1021
45
160
1023
220
106
1023
490
59
1012
817
15
894
923
0
648
978
0
305
1020
53
156
1023
236
104
1023
511
55
1018
831
14
896
924
0
636
980
0
286
1022
53
152
1023
243
101
1023
526
54
1014
853
15
884
929
0
623
982
0
276
1023
66
149
1023
242
97
1023
561
49
1004
868
10
865
934
0
595
987
0
248
1023
87
144
1023
283
93
1023
590
43
991
879
2
821
943
0
530
994
0
192
1023
116
135
1023
326
84
1023
642
38
979
890
0
798
953
0
487
1002
0
184
1023
130
128
1023
350
79
1023
682
34
963
897
0
771
958
0
453
1007
0
180
1023
153
126
1023
382
73
1023
704
31
944
902
0
747
961
0
420
1009
7
172
1023
173
122
1023
416
70
1023
736
26
933
907
0
726
967
0
386
1012
15
169
1023
182
117
1023
435
68
1023
766
26
926
911
0
710
969
0
371
1015
18
166
1023
193
117
1023
440
65
1023
780
25
921
916
0
694
973
0
358
1017
32
163
1023
200
112
1023
464
62
1023
788
22
912
917
0
680
974
0
341
1019
34
162
1023
217
108
1023
473
60
1023
789
19
911
919
0
670
975
0
327
1018
40
161
1023
223
109
1023
487
59
1022
808
17
899
921
0
653
978
0
305
1021
48
155
1023
225
105
1023
503
56
1016
826
16
894
923
0
642
980
0
298
1022
53
154
1023
242
100
1023
519
53
1014
849
13
889
927
0
632
983
0
290
1023
60
153
1023
257
98
1023
541
49
1006
867
11
872
937
0
604
975
0
266
1017
0
128
1023
275
87
1023
594
39
994
886
2
821
949
0
527
1000
0
189
1023
102
130
1023
312
80
1023
628
35
992
893
0
809
953
0
510
1004
0
179
1023
101
124
1023
316
74
1023
655
32
999
897
0
810
958
0
492
1007
0
180
1023
92
121
1023
342
72
1023
682
28
998
902
0
796
963
0
451
1010
0
172
1023
103
121
1023
358
71
1023
709
28
1023
884
0
849
957
0
465
1009
0
178
1023
35
124
1023
348
68
1023
722
18
1002
903
0
788
970
0
414
1015
0
168
1023
123
113
1023
410
63
1023
768
23
983
917
0
734
976
0
371
1018
0
159
1023
162
106
1023
449
57
1023
795
14
959
923
0
697
981
0
329
1023
0
152
1023
199
100
1023
495
51
1023
840
10
936
933
0
663
986
0
291
1023
3
143
1023
217
91
1023
549
45
1023
874
7
904
942
0
612
994
0
252
1023
22
139
1023
242
88
1023
579
39
1023
879
0
881
945
0
565
1000
0
206
1023
19
133
1023
263
82
1023
619
36
1023
891
0
871
964
0
532
1014
0
176
1023
39
117
1023
310
65
1023
680
25
1023
912
0
853
971
0
500
1015
0
168
1023
47
101
1023
354
44
1023
733
6
1023
942
0
798
998
0
414
1023
0
133
1023
75
82
1023
427
33
1023
809
0
1014
951
0
742
1004
0
351
1023
0
124
1023
117
73
1023
468
29
1023
850
0
1008
959
0
715
1009
0
325
1023
0
121
1023
129
70
1023
493
25
1023
855
0
994
964
0
678
1013
0
277
1023
0
116
1023
173
62
1023
539
20
1023
901
0
949
966
0
610
1002
0
248
1023
0
131
1023
223
77
1023
599
32
1023
892
0
896
942
0
571
993
0
196
1023
48
131
1023
301
80
1023
649
34
1018
894
0
829
956
0
498
1007
0
183
1023
105
126
1023
340
75
1023
681
32
982
903
0
783
964
0
458
1010
0
174
1023
148
121
1023
394
71
1023
722
28
957
903
0
756
954
0
424
1003
0
168
1023
157
115
1023
406
67
1023
747
25
948
915
0
732
972
0
392
1017
4
164
1023
184
109
1023
449
61
1023
768
22
925
917
0
698
976
0
359
1019
26
160
1023
201
108
1023
461
60
1023
789
19
911
919
0
681
977
0
338
1018
33
159
1023
218
107
1023
473
58
1023
799
17
902
921
0
666
977
0
324
1019
46
156
1023
228
106
1023
495
57
1013
810
19
899
923
0
653
978
0
311
1021
45
155
1023
232
105
1023
506
54
1017
835
16
895
926
0
647
981
0
303
1022
50
153
1023
220
101
1023
509
55
1013
844
15
890
930
0
640
982
0
298
1022
58
152
1023
239
99
1023
537
50
1005
862
10
875
931
0
608
986
0
274
1023
74
148
1023
266
95
1023
562
47
1001
864
9
848
936
0
584
989
0
228
1023
87
141
1023
297
89
1023
612
42
988
886
3
813
947
0
520
998
0
190
1023
116
132
1023
333
81
1023
651
37
972
894
0
788
953
0
487
1003
0
185
1023
132
128
1023
360
76
1023
675
33
957
896
0
767
959
0
453
1008
0
177
1023
154
124
1023
384
75
1023
707
31
948
901
0
758
962
0
423
1009
2
172
1023
168
117
1023
407
70
1023
735
28
939
908
0
735
968
0
406
1012
13
169
1023
176
116
1023
423
68
1023
750
26
936
912
0
719
969
0
391
1013
15
167
1023
187
115
1023
427
65
1023
758
23
922
913
0
717
971
0
383
1016
18
166
1023
202
112
1023
443
63
1023
770
21
918
914
0
694
973
0
356
1015
28
163
1023
204
112
1023
457
61
1021
777
22
910
917
0
682
970
0
344
1017
33
161
1023
213
111
1023
462
61
1017
791
20
908
918
0
678
975
0
335
1017
35
158
1023
216
107
1023
471
60
1023
805
19
905
920
0
669
979
0
325
1019
44
157
1023
224
106
1023
489
57
1022
819
19
901
925
0
661
980
0
319
1015
0
146
1023
124
97
1023
503
50
1007
859
13
878
930
0
618
985
0
275
1023
71
150
1023
256
97
1023
556
46
998
873
8
840
941
0
561
991
0
210
1023
97
137
1023
301
87
1023
621
41
983
888
3
808
950
0
510
1001
0
188
1023
121
132
1023
337
79
1023
651
37
979
894
0
788
954
0
484
1005
0
183
1023
141
127
1023
367
76
1023
683
33
957
897
0
767
958
0
447
1008
0
178
1023
154
124
1023
385
73
1023
701
31
947
902
0
750
962
0
420
1009
3
171
1023
162
122
1023
416
69
1023
736
28
937
908
0
729
969
0
396
1014
11
169
1023
175
115
1023
424
68
1023
757
26
936
912
0
714
972
0
383
1016
15
167
1023
190
114
1023
438
65
1023
750
24
923
914
0
704
972
0
368
1017
25
164
1023
196
112
1023
449
63
1023
776
22
918
917
0
693
974
0
361
1015
20
162
1023
199
111
1023
458
61
1023
784
20
912
916
0
684
975
0
348
1017
34
162
1023
209
110
1023
469
62
1023
788
19
909
919
0
683
977
0
329
1019
38
157
1023
222
106
1023
484
59
1015
809
17
902
922
0
660
978
0
319
1020
37
153
1023
226
105
1023
498
57
1020
821
18
902
922
0
658
978
0
314
1021
41
155
1023
231
104
1023
503
55
1020
827
16
896
925
0
648
980
0
305
1023
52
153
1023
239
101
1023
512
52
1017
847
16
894
928
0
638
982
0
298
1023
58
153
1023
250
100
1023
516
52
1011
855
12
888
930
0
626
984
0
282
1023
71
150
1023
259
97
1023
552
48
1010
864
10
865
918
0
597
986
0
247
1023
59
144
1023
254
91
1023
579
45
999
876
5
836
941
0
543
996
0
196
1023
101
136
1023
307
85
1023
625
41
986
889
1
807
950
0
507
1002
0
191
1023
120
133
1023
330
81
1023
653
36
974
893
0
785
955
0
472
1006
0
183
1023
2
116
1023
309
68
1023
705
29
952
903
0
748
965
0
417
1011
0
170
1023
170
117
1023
416
68
1023
747
25
936
910
0
732
969
0
392
1013
10
169
1023
184
115
1023
431
67
1023
761
27
929
913
0
713
973
0
377
1018
17
166
1023
186
113
1023
441
64
1023
773
22
925
914
0
705
971
0
374
1018
24
165
1023
199
112
1023
451
63
1023
771
23
917
917
0
693
975
0
352
1017
23
162
1023
200
110
1023
458
60
1023
792
18
911
918
0
682
975
0
337
1017
16
160
1023
214
109
1023
476
59
1023
801
16
905
921
0
665
977
0
325
1020
37
158
1023
218
105
1023
493
58
1023
813
17
902
923
0
655
979
0
311
1021
46
153
1023
223
105
1023
498
56
1023
834
16
896
926
0
647
982
0
300
1022
50
154
1023
237
101
1023
515
54
1019
848
14
895
928
0
638
984
0
300
1023
57
152
1023
248
98
1023
545
49
1008
865
9
865
935
0
593
988
0
246
1023
81
145
1023
280
92
1023
594
43
999
879
2
829
943
0
538
996
0
192
1023
99
133
1023
331
82
1023
649
39
979
893
0
792
954
0
483
1004
0
183
1023
127
129
1023
346
78
1023
679
35
963
898
0
776
960
0
459
1009
0
179
1023
146
126
1023
378
74
1023
692
30
952
901
0
759
962
0
433
1011
0
174
1023
164
123
1023
374
70
1023
716
26
942
905
0
741
966
0
407
1012
1
169
1023
171
118
1023
418
69
1023
748
25
933
910
0
727
971
0
383
1015
9
164
1023
189
113
1023
450
64
1023
784
23
924
916
0
697
974
0
360
1017
24
164
1023
197
111
1023
457
62
1023
788
22
925
918
0
690
976
0
349
1020
23
161
1023
200
111
1023
462
61
1023
799
21
913
920
0
677
977
0
342
1022
37
162
1023
209
108
1023
466
60
1023
802
18
908
921
0
678
977
0
336
1020
36
161
1023
219
107
1023
482
59
1023
804
16
904
922
0
672
967
0
324
1009
0
148
1023
203
102
1023
498
57
1022
819
15
894
924
0
651
978
0
293
1023
51
152
1023
233
101
1023
510
53
1020
838
13
892
927
0
643
982
0
290
1023
49
150
1023
241
101
1023
523
54
1020
836
12
890
929
0
634
983
0
283
1023
56
150
1023
246
98
1023
547
50
1018
864
10
873
933
0
609
987
0
261
1023
73
146
1023
266
94
1023
577
44
1007
873
8
849
939
0
571
992
0
224
1023
91
139
1023
300
88
1023
613
40
988
885
0
809
947
0
511
998
0
188
1023
123
132
1023
341
81
1023
660
37
974
893
0
786
956
0
477
1005
0
181
1023
136
127
1023
358
78
1023
687
33
966
899
0
774
959
0
465
1007
0
178
1023
152
124
1023
383
74
1023
704
31
956
903
0
757
963
0
435
1011
0
174
1023
163
121
1023
395
70
1023
712
27
943
906
0
743
967
0
408
1012
3
171
1023
182
118
1023
419
69
1023
745
25
935
910
0
723
968
0
383
1014
14
169
1023
183
117
1023
427
66
1023
748
24
927
911
0
715
968
0
375
1015
10
166
1023
186
114
1023
439
65
1023
768
24
923
913
0
704
972
0
367
1017
17
165
1023
182
113
1023
446
64
1023
779
24
925
916
0
696
973
0
356
1017
22
162
1023
199
110
1023
462
61
1023
795
23
920
919
0
684
977
0
347
1019
26
161
1023
208
108
1023
471
58
1023
804
18
909
922
0
673
978
0
333
1022
37
159
1023
220
106
1023
481
61
1023
816
19
903
922
0
663
979
0
319
1022
49
156
1023
222
104
1023
493
56
1021
825
15
896
924
0
657
979
0
308
1023
52
155
1023
236
102
1023
510
53
1017
835
13
890
926
0
642
982
0
295
1023
53
151
1023
249
98
1023
544
52
1010
863
9
865
934
0
594
988
0
243
1023
78
143
1023
280
91
1023
591
46
997
881
3
834
945
0
542
997
0
201
1023
106
135
1023
316
83
1023
626
38
983
880
0
805
935
0
499
992
0
184
1023
129
129
1023
352
79
1023
672
34
965
895
0
776
958
0
455
1005
0
178
1023
144
124
1023
374
76
1023
695
32
957
900
0
763
961
0
436
1009
0
174
1023
153
122
1023
397
74
1023
724
28
945
907
0
742
967
0
413
1012
1
170
1023
179
119
1023
417
68
1023
751
24
935
906
0
723
967
0
391
1012
2
167
1023
191
114
1023
439
65
1023
760
22
920
914
0
702
972
0
359
1016
24
165
1023
197
111
1023
451
63
1023
779
19
915
916
0
685
974
0
357
1016
15
163
1023
207
111
1023
465
61
1023
790
18
911
918
0
680
976
0
332
1020
33
159
1023
204
109
1023
475
61
1023
801
16
906
920
0
668
976
0
324
1019
37
157
1023
213
107
1023
467
58
1023
813
16
907
923
0
659
978
0
321
1021
43
154
1023
227
103
1023
504
58
1016
833
15
901
925
0
649
980
0
309
1023
46
154
1023
227
102
1023
508
56
1023
840
15
893
919
0
642
982
0
304
1023
50
154
1023
241
100
1023
521
53
1017
845
14
887
928
0
629
984
0
291
1023
64
152
1023
250
98
1023
543
48
1007
867
9
858
937
0
584
990
0
234
1023
79
144
1023
286
90
1023
596
43
995
879
2
823
945
0
529
998
0
192
1023
104
135
1023
324
85
1023
640
38
983
891
0
798
953
0
491
1004
0
186
1023
121
130
1023
343
75
1023
671
35
968
896
0
779
958
0
461
1007
0
180
1023
151
125
1023
374
75
1023
695
31
953
899
0
757
962
0
432
1009
0
174
1023
163
122
1023
401
72
1023
720
27
940
904
0
737
965
0
403
1012
7
169
1023
183
118
1023
431
66
1023
753
26
928
910
0
710
970
0
372
1015
12
166
1023
192
113
1023
447
64
1023
777
24
923
915
0
695
973
0
355
1010
2
161
1023
208
108
1023
467
60
1022
802
20
910
921
0
672
977
0
333
1020
37
157
1023
131
102
1023
379
55
1017
808
18
905
922
0
661
979
0
325
1020
45
158
1023
222
105
1023
494
57
1019
828
16
896
923
0
650
981
0
312
1021
51
156
1023
235
101
1023
506
54
1018
838
15
890
926
0
647
981
0
298
1023
58
154
1023
247
99
1023
534
49
1008
862
9
872
932
0
593
989
0
243
1023
77
143
1023
278
92
1023
590
46
1000
876
7
837
940
0
556
994
0
206
1023
99
137
1023
318
83
1023
629
39
984
889
0
802
951
0
508
1002
0
192
1023
124
133
1023
326
81
1023
653
37
971
894
0
787
954
0
475
1004
0
183
1023
133
128
1023
358
77
1023
681
33
959
898
0
766
960
0
446
1006
0
176
1023
152
124
1023
376
73
1023
715
29
948
903
0
748
964
0
415
1011
0
171
1023
165
119
1023
409
70
1023
736
27
937
907
0
731
968
0
396
1012
4
169
1023
182
114
1023
433
64
1023
762
23
926
897
0
703
973
0
378
1016
22
166
1023
200
111
1023
451
63
1023
786
22
919
915
0
689
974
0
349
1019
30
163
1023
209
110
1023
461
62
1023
791
18
912
918
0
676
976
0
338
1019
35
160
1023
218
107
1023
482
59
1023
803
16
904
922
0
669
978
0
319
1019
47
157
1023
228
104
1023
501
57
1022
827
14
896
923
0
647
979
0
299
1020
52
156
1023
238
104
1023
509
55
1014
836
13
890
926
0
639
981
0
294
1022
53
151
1023
241
99
1023
537
53
1013
859
10
882
931
0
624
984
0
266
1023
60
145
1023
260
95
1023
573
47
1004
865
8
849
938
0
579
993
0
227
1023
93
139
1023
302
86
1023
612
39
988
884
0
808
949
0
506
1001
0
192
1023
110
134
1023
326
84
1023
643
37
973
890
0
793
953
0
480
1002
0
183
1023
126
129
1023
360
79
1023
676
34
963
896
0
776
945
0
454
996
0
166
1023
147
121
1023
395
73
1023
727
28
947
905
0
743
964
0
414
1009
1
170
1023
172
116
1023
417
68
1023
748
25
933
911
0
719
970
0
387
1015
16
168
1023
181
116
1023
432
65
1023
754
24
927
912
0
710
969
0
375
1014
20
167
1023
192
114
1023
438
63
1023
770
22
920
913
0
694
972
0
359
1015
20
163
1023
200
112
1023
447
63
1023
775
20
915
915
0
683
975
0
342
1018
35
161
1023
209
110
1023
470
61
1023
786
18
909
918
0
673
977
0
332
1019
41
159
1023
221
108
1023
487
59
1023
806
16
903
921
0
661
977
0
314
1020
37
156
1023
227
105
1023
496
57
1021
829
16
898
924
0
652
979
0
313
1022
45
153
1023
214
102
1023
512
53
1013
840
14
898
927
0
639
983
0
297
1023
58
151
1023
240
99
1023
540
50
1011
865
10
879
931
0
609
987
0
266
1023
77
147
1023
266
93
1023
569
46
1000
855
6
845
937
0
574
992
0
223
1023
96
139
1023
304
87
1023
620
40
983
885
0
806
950
0
500
1001
0
186
1023
111
131
1023
330
80
1023
636
35
974
891
0
786
956
0
477
1004
0
179
1023
140
126
1023
372
76
1023
695
31
958
900
0
761
962
0
440
1009
0
175
1023
160
122
1023
396
71
1023
722
29
947
905
0
747
965
0
414
1012
8
170
1023
183
117
1023
424
66
1023
743
25
929
910
0
712
969
0
381
1013
13
168
1023
188
116
1023
435
65
1023
761
23
928
911
0
708
972
0
365
1014
24
165
1023
199
114
1023
450
64
1023
767
24
921
914
0
697
972
0
355
1016
28
162
1023
204
111
1023
462
62
1023
783
19
915
916
0
682
973
0
345
1012
8
157
1023
217
106
1023
484
57
1023
819
17
902
922
0
661
978
0
313
1020
44
155
1023
216
102
1023
416
52
1013
746
15
900
924
0
648
981
0
304
1023
51
153
1023
237
100
1023
520
53
1014
842
14
897
930
0
632
982
0
292
1023
58
150
1023
223
94
1023
549
45
1002
866
8
862
938
0
597
991
0
245
1023
88
143
1023
292
88
1023
597
41
996
887
0
823
950
0
524
1000
0
187
1023
102
130
1023
309
81
1023
626
35
989
890
0
815
954
0
503
1003
0
178
1023
98
121
1023
341
72
1023
670
31
991
900
0
799
963
0
471
1010
0
173
1023
103
120
1023
338
72
1023
684
30
1009
902
0
815
962
0
481
1008
0
179
1023
66
126
1023
303
68
1023
685
20
1023
890
0
866
952
0
472
999
0
151
1023
79
118
1023
400
67
1023
756
20
992
917
0
737
974
0
369
1020
0
161
1023
156
106
1023
456
57
1023
803
16
958
925
0
699
981
0
328
1023
0
152
1023
190
99
1023
512
50
1023
860
10
932
934
0
650
989
0
285
1023
14
145
1023
219
93
1023
536
45
1023
872
5
895
941
0
602
993
0
231
1023
35
137
1023
260
87
1023
597
40
1023
884
0
867
948
0
555
999
0
191
1023
46
130
1023
298
81
1023
655
34
1023
892
0
848
956
0
512
1005
0
185
1023
55
126
1023
323
76
1023
689
31
1023
898
0
832
962
0
483
1009
0
180
1023
60
121
1023
343
70
1023
711
28
1023
902
0
813
965
0
453
1013
0
176
1023
84
119
1023
377
67
1023
739
22
1022
906
0
791
968
0
419
1015
0
174
1023
101
117
1023
383
66
1023
755
20
1023
909
0
778
971
0
393
1017
0
167
1023
111
113
1023
407
62
1023
773
15
1013
914
0
758
976
0
372
1019
0
159
1023
114
90
1023
480
32
1023
861
0
981
963
0
668
1011
0
277
1023
0
113
1023
182
61
1023
552
20
1023
906
0
933
973
0
612
1018
0
227
1023
0
97
1023
160
49
1023
626
15
1023
920
0
904
980
0
546
1023
0
158
1023
0
97
1023
310
47
1023
702
10
1023
929
0
855
988
0
468
1023
0
142
1023
33
87
1023
347
39
1023
757
4
1023
944
0
795
996
0
407
1023
0
134
1023
84
77
1023
443
31
1023
811
0
1007
954
0
724
1006
0
334
1023
0
125
1023
132
73
1023
483
29
1023
855
0
986
954
0
681
1011
0
272
1023
0
114
1023
169
64
1023
544
20
1023
903
0
950
969
0
617
1018
0
225
1023
0
106
1023
222
56
1023
596
16
1023
916
0
917
979
0
576
1023
0
176
1023
0
98
1023
294
48
1023
682
9
1023
930
0
843
991
0
459
1023
0
139
1023
58
84
1023
390
36
1023
715
21
1012
911
0
790
972
0
428
1014
0
166
1023
134
113
1023
404
63
1023
750
23
971
918
0
737
974
0
393
1018
0
161
1023
174
108
1023
451
59
1023
787
17
941
924
0
698
979
0
347
1023
10
158
1023
194
105
1023
463
55
1023
806
18
924
926
0
678
981
0
327
1023
25
153
1023
215
101
1023
488
53
1023
822
13
910
928
0
661
984
0
314
1023
34
151
1023
228
97
1023
528
49
1023
848
9
879
936
0
618
990
0
252
1023
40
141
1023
264
91
1023
579
43
1013
878
3
853
943
0
569
996
0
217
1023
81
134
1023
294
83
1023
626
39
1003
889
0
826
951
0
528
1001
0
191
1023
101
132
1023
317
80
1023
636
38
996
895
0
805
956
0
506
1005
0
185
1023
118
128
1023
346
76
1023
668
33
983
897
0
790
959
0
468
1007
0
179
1023
124
126
1023
362
72
1023
683
29
973
900
0
781
963
0
444
1010
0
174
1023
144
122
1023
392
71
1023
715
27
956
907
0
751
967
0
410
1013
0
167
1023
162
117
1023
419
66
1023
753
23
944
912
0
722
972
0
380
1017
0
165
1023
185
111
1023
447
61
1023
786
21
934
918
0
697
975
0
361
1009
0
151
1023
112
104
1023
448
57
1023
815
18
921
924
0
672
981
0
325
1023
28
158
1023
218
102
1023
494
55
1023
835
14
911
928
0
652
981
0
308
1023
33
154
1023
229
100
1023
514
50
1023
854
10
896
929
0
637
985
0
284
1023
52
151
1023
244
95
1023
554
46
1022
866
7
869
936
0
589
992
0
231
1023
72
142
1023
281
89
1023
599
42
1012
881
1
846
944
0
553
997
0
195
1023
97
132
1023
319
81
1023
658
35
993
894
0
803
956
0
485
1007
0
183
1023
125
129
1023
350
77
1023
689
31
975
901
0
780
962
0
455
1010
0
178
1023
145
123
1023
379
72
1023
709
27
961
905
0
756
967
0
424
1013
0
170
1023
166
119
1023
403
70
1023
737
24
942
911
0
727
972
0
394
1014
0
162
1023
190
111
1023
442
61
1023
779
19
922
919
0
692
979
0
346
1019
30
155
1023
212
105
1023
473
57
1020
797
19
909
925
0
675
981
0
334
1020
43
153
1023
224
101
1023
491
53
1008
819
18
901
928
0
652
982
0
314
1021
56
147
1023
232
96
1023
513
47
1002
844
12
875
928
0
620
980
0
286
1020
45
140
1023
250
88
1023
540
42
991
872
2
835
937
0
568
989
0
231
1023
92
130
1023
290
79
1023
598
35
974
881
0
798
941
0
513
992
0
172
1023
128
119
1023
344
71
1023
632
28
941
885
0
754
941
0
459
985
0
156
1017
153
106
1023
378
60
1011
698
23
925
897
0
729
955
0
418
1000
2
156
1023
174
108
1023
410
60
1018
731
22
920
910
0
717
969
0
398
1011
21
159
1023
188
109
1023
422
60
1021
743
22
920
917
0
713
975
0
384
1016
33
162
1023
202
110
1023
441
61
1019
751
24
907
917
0
696
971
0
379
1013
46
163
1023
214
115
1023
455
67
1014
771
30
901
921
3
682
974
3
362
1005
204
433
1023
279
282
1023
494
107
1023
775
71
935
921
27
731
970
18
430
1018
67
192
1023
226
150
1023
449
108
1023
743
74
935
931
46
759
981
34
466
1017
54
198
1023
206
148
1023
416
101
1023
712
62
956
922
30
783
974
13
491
1013
21
188
1023
154
132
1023
360
77
1023
676
29
958
893
0
774
965
0
464
1012
0
168
1023
140
115
1023
369
67
1023
705
26
967
914
0
764
971
0
434
1016
0
160
1023
161
110
1023
401
62
1023
738
23
940
920
0
725
976
0
402
1018
20
152
1023
190
102
1023
429
56
931
595
132
669
716
126
547
732
130
372
741
145
178
745
232
150
747
380
135
725
569
125
660
705
118
553
721
123
385
732
134
197
737
222
146
740
360
134
726
545
125
670
700
119
566
716
116
408
729
132
221
735
208
149
739
341
136
728
519
126
677
695
119
578
713
120
425
725
128
243
733
200
150
736
319
135
730
494
122
682
677
114
589
708
109
445
719
120
264
725
176
144
730
288
128
726
454
114
681
642
106
596
698
95
450
710
106
269
718
159
137
721
270
120
722
438
108
681
625
100
598
684
92
455
704
100
274
712
145
134
717
257
119
718
426
107
681
609
101
608
691
96
473
705
101
295
714
142
137
719
249
123
718
409
110
693
597
104
618
690
97
488
707
101
311
715
132
142
721
237
125
723
395
113
693
580
106
626
689
99
502
705
99
313
715
130
143
722
236
127
721
390
114
694
578
107
627
691
100
511
707
109
337
716
125
158
721
222
131
726
374
117
708
556
109
638
688
102
531
705
102
364
715
115
181
720
208
131
722
351
118
706
534
110
650
687
104
546
701
98
374
714
114
193
721
197
132
720
296
111
710
459
97
636
662
88
526
692
93
357
707
109
178
716
200
127
718
338
115
707
523
108
651
683
101
549
701
96
385
714
116
202
721
193
135
724
329
122
712
512
113
663
685
107
562
702
104
406
715
117
222
721
188
139
726
313
125
716
493
116
675
679
109
579
703
105
431
716
116
251
723
180
143
727
297
129
725
468
119
681
653
112
599
702
106
457
715
114
282
714
156
146
728
279
132
728
445
123
690
628
117
615
705
113
485
719
123
311
730
160
158
736
267
143
738
430
132
705
616
125
632
708
121
511
724
127
336
733
157
165
739
259
149
743
413
139
718
601
132
648
